20
1000000000 100000
99999 1 99999 100000
45068754 29153
2 9 5 999904402
177 73
7 7 5 56401
1000000000 1
12 7 74 12
198 81
8 5 7 83495
1000000000 100000
999999999 1 999999999 1000000000
131 74
1 9 10 78736
693840425 90561
2 6 7 999957328
97 39
34 37 656 97
497151700 96511
9 7 6 999919625
254 99
1 8 9 74990
98 59
6 30 524 98
78 51
3 5 5 51230
164 96
76 2 193 164
137 49
48 17 461 137
977365070 59489
8 5 9 999966210
22 21
1 4 869 22
249718282 93729
1 5 6 999917908
840698758 13331
8 7 10 999955808
112 73
1 5 3 64100
